00111100000000010001000000000001
00110100001111010000000100000000
00100100000001000000000000000010
00001100000100000000000000000101
00001000000100000000000000010011
00101000100010000000000000000001
00010001000000000000000000000010
00100000000000100000000000000001
00000011111000000000000000001000
00100011101111011111111111111000
10101111101111110000000000000100
10101111101001000000000000000000
00100000100001001111111111111111
00001100000100000000000000000101
10001111101001000000000000000000
10001111101111110000000000000100
00100011101111010000000000001000
01110000100000100001000000000010
00000011111000000000000000001000
00000000000000000000000000000000
00000000000000000000000000000000
00000000000000000000000000000000
